350 1115111

139,27.142,17.147,13.5111111111194,35,231,19.
244, 32. 5111111 45, 27.

lulianus 115, 27. saliorum prandium 154,14.

Rhodanus 11, 25. 5. Sallustius 61115117515. 251, .

Rhodus 4,18; 51. 91,15. 92, 27. 252, 71 12114. 254, 5.
10; 17 3 32. 93, 2οι 100, 25. 300, 15. 303, 23. historio 252,
110, 22. 155, 2 230,13. 7. scribit 254, 5.

Rhodii 100,23. 109, 21. 151,1..5111111111111.1111111111247, 20.
173, 24. Lucullum 11115115 247, 21.

5155115111111159,9. 51111111111111111111557, 251 27.

1115515111111515511,12 25.51111(1151ι1101111111158,24.

Robigo 270, 21. Salvidienus 01111111 247, 5.

Romae 51 Augusti 1511151111 52, 11. 5111115 25, 12.

Romanus u um. 11111203, 15. Solous augurium 52, 24.
dux 292, 5. iorum 70, 34. gons 5111111111151111 59, 15.

151, 2. 1115511151 225, 33. 111- M. 51111111 Otho 111551115111 11111
5,11303 25111111115151111111111 209, 11.
262, 5. 1.511111101115 1555111511151151

Romulus 40, 25. 51, 25. 55, 8. 201, 35. 209, 15. 210, 3, 5.
110, 27. 130, 25. 279, 111 19, 115111151011151111111111115111-
27. 15111 111151 209, 31. 213, 35

Roscius Amerinus 259, 7 5111111155111511115151209, 32.

Rubico 15, 11. 33, 30. 213, 33.

1155111182, 22. 11. Saluius 01115 imperator 201,

1111511291,25. 35. 2011127135. 208,19.

11115111 59, 15. 209-214. 218, 30. 219, 3; 7;

Rufinus 31, 24. 25. 227, 9. 225, 18 ; 38. 247, 15.

Rufius 0111511111 157, 32. 511111115555511111111711111111.247,15.

1111111111 Caepio 245, 22. Salvius Liberalis 231, 33.

Rutilius Rufus 259, 35. oratioue Samniticum bullum 215, 13.
modoaedlticionuu 77, 27. 5111112581, ἷ5,2ἐὸ ἐξ, 23. 92, 19.

51115511 55151111302, 12

1151111172, 23. 100, 25. Santra 253, 37. 293, 25 devi-

5111111155, 5 215, 9. 22515 15111 5111111551257, 35. .
240, 30. 300, 15. 51111124,.7

5151111 lingua 85,15.,511)11111 5111111111 50, 32. 259, 32.

Βῆ1ἑι115111ὲ55928792313.ἓ111111111ἰ11103,2279022484,,23, 25.

arnus meu

51511155111225,34. 11111115 tibine 250, 21..

51111111 20, 34. 33,14. 111 51111111291,17.

51111 222, 37. Saturius 251, 34.

51551111111111152, 25;27. 155, Ι..5115111111117,7.

2. 215, 20. 243, 25. 51111511110, 23. 511111115551

81111· nin 15 5111 111, 51, 15. 2'11, 11 aerarium
1.Μ1Μ,5ΜΜ Μ,1

*n

 

