840

30; 32; 88. 90, 35. 91, 11; Caesari. 3. Augustus 62, 6. 60,
86.106,.80121,.16129,.10 24;.,.,80822828680;;83 ,
Iulia Augusti neptis 66, 123 173 38. 287, 1. 296, 88. 208, 11. ’
28.67,12.71,11;23. Τι53313310012.110,23. 136,
Iuliae 66, 28. 67,16. (163, 12.) 26. 258, 4. 266,18. Caligula
3. caaar angust} nepos 43, 13 133, 3. 134, 33. claudius 147, 1
51, 23. 58, 34. 68, 30. 66, 5. 11330 215, 27. 268, 81. 200, 1
11-86. 68, 24. 70,1. 02,5; 17. 200, 85. Galba 204, 28. ’
18331388,08,1;83.07,12.211,10.1111311133 218, 28. ξ
172, 5. 204, 81 Vespasianus 227, 10. 281, 34. ,
L. 033331 Augusti nepos49, 15. 8131333 (1305ιὶ33333 272, 20. ,
51, 28, 58, 84. 03, 80. 00, (7.13113311031333 265, 18. 287, 36. ’
s 11-33. 92, 5. 08, 83. 97, 12. 1341133 Maratha 78, 82. 79, 13.
115, 26. 264, 81. [3113311003εή3 265, 27. 806, 24.
03333333148,11. Caesarum ua· Iulius 7130 272, 26.
mua 58, 7. lulius Vindex 100, 26. 101, 18,
131131153311330113163, 12. 192, 1. 103, 24. 194, 2. 203,
0. Caesar (Gaius, Caligula) 108, 28. 204, 24. 206, 27.
28.118,1. 117, 6, 82.118,6, 13133 83, 33.
113-44'3. 1313 123 23333. 1333333304, 30.
152,4;82.158,11.157,13.13313303333103333 281, 5.
162, 2. 166, 24. 172, 26, 82. D· Silanus'l, 28.
178,14.188,12.202,3;11;1333133 Nouatas epistola 61, 87. ’
15, 17. 211, 20. 216, 11 217, 62,1.
1. 223, 6. 225, 28. 227, 22. Iunius Saturninus 49, 80.
20010.133133031110301,30;36.
Gaiana nex 230, 6. Μ Silanus 123, 21. 120, 24; 33.
Caligulae sorores 121,22.125,13313013311113, M. Silani 3133,
14;10;17.120,34.180,11.21ς27.
183, 3. 185, 33. 187, 20. 146, Apias Silanus 140, 20. 163, 11.
7. 200, 21. v. Agrippina,l)ru- ’185, 86. 166, 1; 4.
silla. L. Silanus, App'iif’. 149, 23. 160,
13113 Liuilla, Caligulae 30303121 0. 162,23; 20.163,14; 16. <
22. 103, 12. Iunia Calvina, Appii 4. 285, 11.
lulla Drusilla, Caligulae 11113130, Iunius 1103213333 247, 22
88. 188, 28. 146, 13. Iuno 248, 87.
Iulia Titi 11113 287, 7, 10 249,1330113334,1.69,27.80,28; ’
4.,333 13. 333, ’33 33 144, '33. 143, 133 33.’ 330,
Caesares 152, 26. 190, 12. 205, 24. 203, 28 204, 88. 248,· ¹
7. 288, 88. 86 250, 87. 808, 11. Optimus ,
Caesarum 33133 100, 17. domus Maximus 82, 21. 47, 25. 80, ,
133, 3ο aggae. 134, 33. 313 3333. 3333 capnon 1

120,.0 memoria 33 templa 146, 333 35, 28. 40, 20. 52, 5. 78, ,

22. 001331330312. progenies 12 80, 22. 108, 25. 128, 37.

109, 5. 174, 26. 243, '33. 244, 28.
verus Caesar 168, 35. 246, 0. Casius 170, 37. Cu·

 

