' 555 , 55155 ,. .

Formiani 217, 37. , 16. 905. 25 51551ρί55 1932.
. Formianum 289,11 14., 6. 51155555 14, 9 25, 7.
Foroiuliensium, 25. ’ ’ 'aemma 19, 93 99, 20 289,
15555596, 29. 201, 9ι 11 297, 23 omnis 11, 35. provincia(
11; 14. 250, 32. 89, 3. togata 259, 25. 299,
155556,18.12,19 51,2,.19.1ι55551515514,5.
5. 52, 34. 99, 29 129, 24 951115519 ,90,11,30.19,11.
181,15. . . , 22, 559 ’1,221. 109, 29.
Fucinus 15555 20, 7. 157, 143 109, 19. 149, 29 147, 29
29159, 1. 1949 - 191, 9. 192, 23 30. 20921.
fugitivi 39, 9 - . 204, 34.’
1515155 291, 5. .‹ 951155 1515555291, ,29. miles

. M 9515155115511151294. 10 191, 92. 551555 56, 24-

85151545, 19. 05, 27; 28. 270, 33· Galli 31', '621 82, 97; ’-.88 133,
9559199, 29. 209, 91. 209, 2 9. ,1691219929 193, 22
, ’9555555 99, 29. 217, 22 290, 6.’ 206, 27.
115555555129, 17 95111555 5 um. 5511515 24, 21,
Furiae 196. 92. 24. 5511529,31. 189, 22,,-55
Camillus 99,5.161,24. . orcitus 171, 7. 5551555 25, 36.
Furius Philus 292, 19; 24. 294, provincia 11196 91555555

17. . , 17. 4ι7. 22,ἰ2 25 vocabu-
Furius Leptinus 17, 29. 155511, 25. 209, 6. 229, 15.
Μ. imus 91555955 259, 36. Gallicanus. homo 22913. 555ιί-
, ιιι, 15 555, 55. 555, 54. ι.. 55515

aa 9511555 269, 9. , 5595111555199,11
Camillus Arruntius 219, l· Q. 9511155 59, 2. .
Furius Geminus Scribonianus 154, Μ. 9511155 89, -12, 14. ’
¹ 4. 165, 15. 209, 20. ’ 95115 graecia 133, 11.

Fum'i 155955 et lilius 289, 28. 189155 Matris deum 99, 36.
, . 9511555955551155.
· ’ ’ < Gamala 237, ,9
Α. Gabinius 22, 19. 9555555 11, 96.
95515155 95555155 9555515169, 95154555 127, 9.

10. 95155555 109 23. 112, 5, 117,
5555555155, 29. 26ς34. 229, 7. “
5555515. . 955155455551165,11.951185-
amimam 1551555 995, l.. 155 192, ι’8.13
Gaetuli 2927 ι Gergovia 12, 7.
9551511555 v 15515155. Germania 29, 95. 47, 19. 90.
95155 ι. Sulpicius ¹ 3. 94, 5· iffi 91. 95,19. 97,
(iiiam 11450555 217 22( 97. 1,19 9 ’129, 5 127, 25.
95111511, 19 157151122, 142,23.149,1.151;’27.’202,

2729,29.46,30.’89,;3 34],20492ᾊίη2265236

12. 90, 26. 122, 5. 127, 33⁹ 99. 251, ,15. 1515ιί55 217,

137, 29 20913 202, 10. 25. superior 206, 26 219, 25.
- nohum. 5555 555, 55555.  

 

