3511Ι · ,141444 ,’

13-32. 1434444414441, 121, 3. Viniciana coniuratio 188, le.

ιἰι 0411441411 121, 38. 122, l9. T. Vinius Philopoemen 43, 35.

1411414444 163 5-11. 114341- 7. Vinius 235, 27, 217, 26.

54412327 33344421327. ῙΓ41411111411414134,436 38. 254, ’

141144111414442543 23235,;47.232,15,Αο
4414445441141141444144444314441 44411444344444444,

’ 38, 234 24.84,1,138,10.1373441371234144114411
147131332133,445. 3,44534,,25633,,3,33235,
134,7.,,2121’3253,3.3343233238441414441,

Vespasiae 14444 225 l. 41 316,2. 1446 315 2. 2,
Vespasiorum monuments 225, 2,,· 537 246, 14. 4, 363 312, 7.
Vespasiae Pollio 224, 13. Aeneidos 1, 1 314, 33, 1, 8
2444441424114224, 16· 18. 225, 314, 31, 1,111335,4. 1,
4444414. 237143, 4. 1,282 56, 35.
51144244444144441344444221 13. 1, 44844. 338,12. 3, 373,

' 231,,.84]15222 233,.8 221254 3118, 4,1314,32. 5, 350
35.,.22233224-235.235, 316,.,,.1543833256,1

4 287, 244 32· 344 37, 238, 314, 35. 11, 133 3155 12,

· ·18. 241, 12. 242, 64 124 ’423 646 134, 16, ,12 6533183.
24. 245, 37. ,246 13. 243,74311141514414541144423311,
84233. 214411144414233,11,

Vespasianus Plsvii 8144444114 1.1111411144414414215,12.1144215
- 253, 22. ’ 7,114215,11,
Vestae sedis 137,.7 177, , 211411144441441144 215,31 74124
34414141114414441414851. 245,.3 14.
24414144414414448,13. 52, 23. Q. Vitellius 215, 6. idemne
52,12.85,2,118,3.175,32,231141114414444414444444215,
- 182, 22. 222, 18 245, 37 273, 22.
“ 1⁸? Α, Vitellius imperatoris patruus
Vesvius mons 233, 224 28. 333, 215, 25· 25,·
224 83, Q. 1111411144 imperatoris 44144114 ,
nonsummum 4444 41444441

· 1134111441411443, 184 21, 25. P. Vitellius imperatoris 4414444

141441.. , 41444441
11111144 ι(1114444 242, 35. 1.,14411144144414411144141414,
Vioetinus 44414.. 25. 21542 234 814 37. 2187
i.. Vioinius 65, 23. Α. Vitellius 1444444144 [1144444213
314144148125. 23413. 28. 44344144213271212131
vuum 213327.. 44444141. 414-444441.
3141144213, 87, 228, 12. ι 3. 228, 25. 223,24 ll. 232, 2.
14141414141141441
Vindeliui 45, 25 Μ, 87. Vitelliennm 5414424122.
Vindelicus sum 1141141433, 224 LV1tell1us Imperatoris 1441144215

2411414414 237, 37. 21. 221,32. 223, 13 ’

Vindex 4141144. · Ι ’11144111441141444144441414444144141.1
1 1141414473, 15. 56, 231. 217, 13,

 

