10111111 1111111111. 347

pantomimus 280, 0. 301, 26. M. Psirslus 16, 4. 30, 16.
Paphia Venus 237, 16. 21111111 217, 17.
ι111111111111111151, 10. 160, 2111111111 v. Vitellius.

Α 25. 174, 14. Phaethon 123, 10.

Parilis 126, 17. 211111111226,11.

21111 Troianus 247, 26. Phaon 104, 36. 106, 113 28.

Paris histrio 107, 20. Pharmnousss 4, 21.

Ρ111111111111111111242, 38. 246,37. 2111111111 16, 22.

Parrasii tabula 104, 33. 211111111111 a um. 1111114,26.

parricidium 11111 37, 4. 26, 36. 30, 10. 171, 16. 224,

Ραν21111111116,28. 7. proelium16,12.

2111111111661111111261, 213 33. 2111114114. 111111111111167,

Parthenope 206, 18. 306, o, 7. 31. 211111 turris 117, 10.

2111611220, 26 ρ1111111111128,34.

Parthi 20,10. 32, 27. 41,7. 47, Philemon servus 20, 38.
86824. 00,.,.20046 103, Philipp 181, 36. 03, 14.
2810824. 11111111.Ρ11111111111.1111111,1.111,-
124,30. 127, 21. 161, 0. 1114, inm 41, 21. 42, 30. 47, 16.
17. 111411 216,3. 236, 61, 10. 88, 33. 207, 7.

12. 242, 10. 283214. Philippus 111146, 16.

Parthus 100, 8. 220, 6. 303, 27. Philistina 200, 3. ·

Parthina gens 46, 6. philosophi 247, 24.

Pasicles 2661. 1111111111.

2111111176,14.100,26. 2111161160, 24.

2111111111 aopi· 11611901.ρ111111111111128,16.146,13.

Possim 011111111ῄὶ31]Ίῆ 37. phonascus 76, 10.

200,10. Phyllis 262, 8.

Patavium 03, 16. 300, 10 211111111636.

2111111161, 37. 280, 37. 300, 18. L. 21111111 36,6.
patricii 18, 22. 38, 153 17. 41, Pinarius 60,1.
ι)33.86,6·10.201’1,28.216102111111112068

21111611111111111111208, 26. 2111 v. Calpurnius.

Paulnsv. 1111111111. Pitiniana 30, 86.

Q Pedius 36, 6. 211104, 23. 128, 12.

Pediaios 171,10;200,14. 21111111128,36.213,11. 28010

Pelasgi 281,26.21111111280,10

Peligni 208, 38. 21111111111111111.

211111111111111303, 28. Ρ11111011111111,91.1111.

Peloponnesus 46, 6. 134, 36. in mpure x11,1s

, 21111111111111111111111111178,119388 276, 31. in Phaedro
2411111111111860.601274827618131111111
Persius 81111112016. numerosiores 276, 22.
1211111143 13123. 81, 38. 88, 18. 21111111 111111 46, 3.

’21111111111111 1111111141, 21. Servius Plautius 301, 28.
1111114321. Plautia Urgulanilla 161, 28· 30.
21111111111111126826. 16212.

 

