1511111111 1151115111. 351

811115111572μ5 ino, 31. 150, 21. 8511111 Gallus 104, 3.

333, 23.310, 1. 31.851111111551151350,23. 5551-
85151115531511151111511287,34. 5551511350, 27. 1511115250
151151111111155 70, 35. 38.

’ Scantinia lex 345, 33. Sextilis mensis 53, 13.

Scaptiensss montealtulo. 85111111310,33;33. 317, 35.

555151111515115147,31. 331, 18.

55511 283, 3. 1).811111’11235,11.1

scholas grammaticas 258, 17. Sibyllini tttrt 53, 13.

Scipio v. 0511511111. 8151111 38, 24. 44, 14. 48, 28.

551151 ventus 305, 35. 30, 33. 83, 34. 87, 3. 88, 33.

851155115111151111.35,20;33. 80, 4; 10. 137, 33. 101,15.
30, ii. 335, 14. 373, 33. 301, 01 11.

Scribonius Aphrodisius 23513. ia 815111515155.11111111130,37. pere·
Verrium itesam 335, 10. 3111135142, 14. 1113111835.

85111511111111111511151151103, 0. Siculi 277, 11.

inanissimum 07, 35. 08,13. 8151111 5 um. bellum 41, 31. 43,

Scutarios 51111111 34, 3. 32. 47, 16. 5115115 150, 0.

Scythes 47, 3. fretum 83, 23. 304, 30. victorico

81111111 1. Aelius. 130, 12.

Selene 131, 8. 8135111111 43, 30.

Seleucus rex 131, 4 Sigillaria 150 21. 153, 0 183, 32.

Seleucus Cybiosacten 233, 35. Silanus v. 111115.

85151515 grammaticus 100, 23. 0. Silius 70, 15. 85, 5.

Seleucus 11111511111511310,33. 081111513134.103,34.135,33.
211, 21. 51115515111281, 18.

Semiramis ll, 2. Sinuessa 205, 3.

1515115 5410. 8111555111217,37.

8511151 v. Annaeus Siren 232, 32. 303, 3. Sirenes

Senones 88, 4. 142, 33. 115, 30.

8511151 8511111115103,13. 8111115350, 37.

Sep 115115 283, 3. Smyrnaeus 272, 4.

’ Septimius 307, 20. 8513511107,13. '-

septimontiole sacrum 344,7..9551155151Ν5111111φ151511511377

Septizonium 333, 7. 33. 0131551595 1333 383, 25. ’

Serapis 320, 111 33. Ρ5111511115273,11.

oecumenius 85511151 277, 0; 20.

” 8511511154, 38. G. 85511544, 34.

81111111515111151154,10. 85115301,34.

8511111522, 13, 23. 8151551530, 0.

Servilius Gaep 15 10, 33. Speluncae 103,0.

1). 8111111111 hanricus 35, 24. 88, Sphinx 31, 28
33.270,24;25.301,10. ’1)181511115111111111115183Λ2104,

851131511115171, 30. 1'80-

8515111111115111 104, 12. Spoletium 234, 31. 305, 31

8555511115 303, 30. sportellae 344, 0.

 

