1111111111 1111111111. 331

Internum 111111 304, 33. 0011111139, 21. 53, 1. 80,
1111111111 94, 23. 32. 88, 9. 171, 4. 294, 31.
11111111 228, 4. 205, 20. 011111 40, ,37. 41, 0.
< 1111111272, 31. 42, 1134 45,21. 5018. 59,
1111111281, 28. ’ 24. 68, 30; 31. 80, 37. 81,
1111111111 1. Servilius. 11. 8013. 188, 27. 205, 20.
Isidis 11111214, 24. 268, 28. 200, 15. Iulius 011-
1111111241, 25. , sar 20012. Divus 011111· 81,
Isidorus 0 nicus 190, 14. 30. Divus 1111111138, 10. 43,
1113111129, 9. 128, 8. 177, 27. 20. 4010. 52, 13. 81, 5. 84,

189, 4. 31130301501815210.

, Isthmia 181, 3. 218, 19. 228, 10. 200, 15.

Italia 13, 11. 17, 30. 19, 7. 23, epistulae 12, 29. ad 0111101111
28 39, 28. 32313020. 2013. ad fandliares 25,14.
43, 8. 44, 37. 404, 09, 0, ad senatum 2010. orationes
12. 05, 3. 87,200,13.’;94 24, 0. divinatio 1111111111 in
1010271200 15,5 30.01111111111111151111114,10.23,
159, 20. 1,00 30. 184, 1022 22,1 34. 24, 8. 1118311111 1131.
15. 229, 9. 237, 2.9 24001110311111112011. in 0.
247, 24. 271, 29. Μ1111111129,20.11111111111111

111111111298,9.1111111124,17.27,20.Α111111-

1111111 230, 30. 202, 8. tirones 11111 duo 25, 5; 8. de ana·
177, 31. logia 11511 duo 25, 4; 0. rerum

” Iuba 10, 28. 20, 7. 27, 19. 20, 11, 1111111111111111111 Gallici 11·-

111111 filius 131, 7. vilisque beni Pompeiani 24, 21
Iudaea 79, 1. 102, 33. 209, 0. . -25, 4. Iter poema 25, 01 8.

220, 32, 228, l, 239, 0; 17. 111911111129431. laudemur·
Iudaeus 72, 22. Iudaei 30, 3, 11111,11191εά11101111111,111111

101, 38. 101,0.226,34.229,110111111125,20.

31. 287, 21 011111111111 1111.1111171,,.18
Iudaicus 11111. 111111111221,25. 1111111280, 18.

228, 35. fiscus 248, 32 ritus Iulius 1 um. basilica 13014.

101, 30, tnumphus 242 141111 200141111114020 111111-

24034, 1111402011113010. 30,
113111111038. 25100221111111 31, 9.
> 1111115, 9. 280, 13. portus 43, 38.
01111111101280, 13. 11111111 1111111130, 17.
1111110111111111111 280, 21. 0111111111 22, 35. 23, 3. 45, 21.
’0. lulius 011111 primus 140, 25. 111111 1111111111111113.12. 10,22.
0. 01111111 omnes 14024. 121ος 21. 22, 15. 35, 13.

· Caesar Strabo 24, 5. oratio pro 81, 24.

81111124, 7. L. 011111 1111111130, 22; 25.
1111101111111111111115,3; 0. Iulia ,4131111 120, 4. v. Livia
Iulia dictatoris 11111 30, 5. 39, Drusilla.

21. 40, 30. ’· Iulia Augusti 1. 40, 0. 05, 30;
0. Iulius 011111· (111111113-37. 38. 00, 8·-027Ξ 11. 71, 23. 89,

8

 

