nonuuuu 1001010000. 337

Germaniae 242, 7. 2,57, 8. 258, 34. 259, 2. 269,
19 Germanus 102, 30. 11. 276, 23. 293, 38. 294, 35.
9 Germani 12, 2, 846, 28. 61,11. 305, 4. Graecorum 1110101101
ti 94, 20. 163, 29. 139, 26. 144, 22, 36.
119 1.14,8 4 161, 7. 186, 4. 205, (1111110100 155, 14. Graeculi 91,
11 7. 300, 35. 21 109,16.
-. 00101010101010.1111100190,23; Gracousa um. bibliothecae 20,

11 25 147,12.171,35.11011146, 4. 25, 23. 51, 16. certamen ,

11.1 22. expeditio 139, 2. gens 160, ’ 59, 29. cliens 56, 21. comoe-

1111 16. legiones 229, 3. res 218, (1111 120, 7. 153, 4. consue· ¹

411Ξ 29. 0011110 140, 24. victoria tudo 259, 29. disciplinae 77,

225, 29. 10 eloquentis 270, 30. epistula ,

110010111110111100 exercitus 212, 10. 161, 3. exercitationes 270,’7.
4 228, 25. Germaniciani 98, 1. 11000010127, 34. grammaticus
11 208,12. 265,21.11111110083,4100011-
1111 Germanicus Drusus 148, 1. ptio 193, 19. Kalendae 76, 24.
Germanicus 000001, Drusi f. 54, litterae 33, 24. 261, 33. 295,
,,. 10. 4413. 85, 14. 98,2; 8 37. poemata 115, 21. prover-
, 1 103, 4. 107, 27; 35. 108,.6 1110111103,3.178,8.185,13
” 118, 6. 119, 5-121, 24. 122, pugiles 59, 33. rhetores 233,
” 1;4;15; 17;35.124,10.140, 11. sermo 116, 2, 178, 16.
33.148,19;23; 34. 149, 19. studia 168, 8.· versus 108, 10.

. ἔ 151, 13. 153, 3. 162, 3. 163, vocabulum 302, 27.
'. 12. 172, 17. 209, 32. 215, 30. Graece 116,10. 166, 30. 168,
“ inter cetera reliquit et 000100- . 10. 173, 25. 190, 2. 236, 25,

otas 01111.. 110, r. 153, 4. 14101. 141, 11. 10011. '

Germanioi liberi 54, 10. 85, 14. 268, 24. 269, 35. 303, 33.
108,7. 109, 13. 111, 21. 121, Graecanica toga 243, 35.
17.11111108,29.

1 Germanicus claudius 148, 23.
Claudii tilius v Britannicus. Hadrianus 40, 22.
9111110021827.221,17.00- Hadriaticum mare 94, 16. 304, 35.
mitianus 249, 26. ’ Hadrumetum 226, 17.
00110000000100010125924921.11010010 Ilii 189, 25
,11 0011001001100100193, 16. Halotus 169, 5. 206, 14, 16.
” Gesoriacum 150, 21 0101111100,’.10141,10.186,011.
[4 (101106681111110010016234.
Gigantum ossa 71, 17 Hasdrubal 86, 25.

Glicias 87, 8. Q. Haterius 48, 35. 99, 19.

194 Glyco 4217. ’ . 290, 7. ’

,111 (1111111168, 6· Hecatebeletes 196, 9..
,,,1 Graecia 13,12. 106,19.128,23. Hector 10134. 179, 16..
,,’11 155, 30. 181, 5. 182, 31. 186, Hecuba 115, 35.

’111 34.’191,10.’,191 22 1011 1101011005

’,11 306, 12. Hellespontus 26, 36. 127, 24.

,,11 Graeci 28, 29. 133, 9. 179, 35. Helvetii 224, 15.
0001011100. 22

 

