530 . muux .

0010110111 ’,011 9.82,32.91,13.000000110034,191 20.
103,5; 13. 115, 21 124, 22. Casius 1011111101· 112, 37.
130,.7 130, 19. 150, 23 222,0001)1000010.1101100 177, 30.
23. 235, 15. 232, 221 27. 01000 305, 0
300, 37. Cassiope 179, 37.
0001100000οω01 0110, 1. 39, 0,-000010033, 10. 304. 41, 231
25.1101110012534.0103Ο,14. 27.111,33. l7‚1 19. 188, 27.
0110111000. 11101105 200, 13 213, 20. 253, 18.
1100000119, 7. - 1.. 0000100 20 30. 10110000 idem
Caninius Rebilus 31, 11. 170, 20. 00 superior. =
000101. s‘. 0101000 231, 38. Cassius 8000011 28, 231 24.
. ’110, 0001101100 270, 23. 00001οΡ01000εὲ010011010 epistola
0001000040, 25. 14, 12 203,8. 30, 20
0110101111οα0 0 010. 0011010 40, 18. Cassius 201011000 01, 31. 02, 2.
75, 27. expeditio 51 12. 20, 11. Cassius Senem 03, 35. 125, 22.
00000 0110100100 79514. 2,15 17. 200,1. 290, 22.

0011110 0011010 39, 35. Cassius 01100100 144, 21. 145, 1

00 11011001 0, 12. 7, 35. 80, 18, 8, 221 33.

.,129 4.124,1 222, 0, Cassius quidum 144,35. 145, 0. ¹

230, 21. 2,33 15. 241, 22. 244, Cassius Longinus 130, 1. 145,1.
” 15117. 240, 18. 250, 27. 253, Cassius Longinus 10110 0011001100
“ 38. Βο0000011201,20.00110110 188, 20.
103, 13. 144, 38. 00010110000005, 25. 95, 27. 12824.
0011110110οι 0 um. 0100 129, 5. ud Castoris 213, li.
134, 29. 0011010011 242,11. Castricius 04,0.
iudi 219, 20. 0. 1011111101,001111001,18.8,17121122.
Venus. 39, 9. 12, 32.
001111011οοί11 112, 14. 230, 10. 00111(000001100) 2042 221, 21.
225, 34. 1110010, 15.
Cappadox 102, 30, ingto (1111000010) 1, 28. 9, 2.
Capreae 11, 15. 18, 25. 82, 33. ΜῙΟ, 8. 14, 20. 23, 12. 43, 4.
83, 21 13. 103, 15. 111, 3. 70, 20.
112, 29. 110, 08. 111,19. cinthinus, 23121.
123, 2. 215, 34 0011110 0101101221, 19.
011111000οἰ0 00000000 104, 13 00101100010101151.
0011010000 104,24. uenimus 001110110001,35. 80,
0011ιί000000 sidus 81, 21. 181 27. 122, 22. 200, 20.
00110033,10123.103,13.144,38. 258, 20.
Capys 33, 23124. 00101100000100 254, 33.
0010000 303, 28. 0000111 100, 15.
’ 00150000 000100 305, 24. 0000100οἸ00, 10.
Curinus 93, 39. 204, 3. 00Ιο1100 08,10.
0000011001010001010228,1.· 00000100 5514
cumulum 10111. . 000000 50 12. 95, 30.

00111101,ο22221.2 1100020321. centumviri 55 8. 231, 0. 245, .

0001010110 1110010111 11. 101111. ,

 

