338 11111

1111111111111114111. Homerici versus 168, 14.
Η1111111111 filius 11111111 exodio 1111111111 scyphi 194, 10.

241, 25. Q. 1111111111 naam 296, 41 30-
Helvia 289, 4. 298, 34. carminum iibri 11111- ,
Helvius 0111123, 3. 36, 6. 11111296, 33-38. 298, 1. 111-
1111111111. 1111111266316. 111111 namen 297, 36. 111111-
111111111 26,19.179,8.197,14. nes 298, 2. satirarum 2, 3,

231, 19. 362, 10. Gadibus 5, 308 298, 13. epiaioim 1, 4,

20. Tiburi 71, 10. 121, 37. 15 298, 13. 2, 1, 1111. 298, 6.

11111111111111111111. 2, 1, 11 ssi, 1. aaran 298,
Herennius 289, 11. 24.

Eumaeum 162, 6. Hortalus 106, 28.

Hamas 261, 34. s. Laelius. Q. Hortensius 166, 28.
1111111111 peripateticus 287, 28. Hortensianae renerio, 37.
1111119111 Tamasis 247, 1. soliis Hortulorum 106, 19.
Heroum arms 71, 18. Tullus Hostilius 219, 22.
Hiempsal 29, 10. Hybreas 272, 28.
81111111311793. 1963423118. Hy 11111. lulius.

1111111111 86, 3. Hylas 60, 7.

ffippsrahns 231, 34.

Hipponax 277, 17. 282, 18.

A. Hirtius 42, 7; 13; 19. 68, 31. 1111111111 216, 11. 291, 26; 31.

88, 36. 268, 26. de 61111611- 11111 geminus 176, 8. Quirinus *t

61124, 24. praefatione 24, 32. 47, 13. mnrmsrsns 52, 38.
1111111116, 14. 16, 6; 29; 37. 1111124920.

’ us, 11. 14, 11. 11. 1111, 111 115, 11.

26. 163, 27. 260, 31 10. 263, insius Mursianus 196, 12. 266, l

31. 205, 27. 206, 30. 200. 1; 29. 269, 1.

9. 366, 25. 1111111111111203, L. 11111 nutu.

2. 11111111618. 8, 30. 26, 9. iulans 1011611187, 11. ,

Hispaniarum, 12. 41, 13 6. iisrds3li, 16.

166, 19. 192, 3. 204, 34. 11111132, 23. 276, 16. 1111111111· j
111111111266,18.1111111136,18. sis' 189, 25. 1
1111111111111111111220, 26. var· Ilienses 107, 32. 161,2;5. 17325. l

bum 74, 34. liiibunus 363, 27.

Hispaniensis 1. belim 24, 23. 1611111110,32.14,6.16,31;

exercitus 228, 24. tnnmpirns 32. 46, 26. 48, 19. 82, 26.

17, 6. vintoris 17, 22. 93, 16. 94, 7, 14; 21. 96, 31.
1111111249, 3. 97, 37. 209, 20. ·
Homeri 11111111 134, 34. 194, illyricus exercitus 46,13.

11. 11110112, 20411. 128,16. Inalpinas 3111114627.

· 249, 5. 3, 40 67, 18. um innitstus equus 144, 8.
muummnmmmn

24011. 96, 24. 10, 535 196, indicus 11111365, 6.

4. 21, 108 252, 24. 23, 724 Inferum 1111161, 9. 304, 331 35.
129, 1. 21, 360 108, 18. insuber Gallus 291, 29.

 

