ιιοιιιιιιιιι nnonmonuu. Ι 353 ⁴

,- 1111111818. ’ 71111111115,18 277, 31.

Ts'urus v sutilius ’ · , ThendumGndureus 109, 28. 272,
7111111111150,1.28.

⁴ Tegee 229, 28. , ¹ 751131ηὲ111151111111181,18,
’ Telegenius 187, 20. 18.

Telephus 18, 7, 18. 1511111175, 21. 238, 32. 239, 19.
ud Telluris 291,-3 Μ.7511ιιιι111.,3,9. ·
Terentius Luesnus 292, 2. Thessalus quidum 81, 35.
Ρ. TerenliseAfer 291, 38. 292,1. Thessali 99, 8. equites 158, 17.
11111119111111 11111. Thorsnius mango 89, 9.
293·, 7, 31. Andria 291, 38. Thrasyllus mathematicus 83, 21.
292, 28. 8111811292, 38 93,.22 112,35.,12728 ,
171131111511111111121298, 7511111259. 79, 35. 91, 15.
· 2511111111 292, 37. 225, 21. 23911. . .
81. Terentius Varro 18, 5. 20, 5. 7,5111102 30. 7511111139, 13.. .
299,28.295,17.11115ι’1280,8. 7511113515. 113,18. 217, 1. ,
281, 5. 293, 8. 295, 17. 111311 Threces 141,1. 23218.
Ι9111111511 287, 85. iu satura 75111111111111305,25
’ 3133331331 ⁰¹³'⁰⁶ 3111323112353,.’”·
27111113111111158111511295, ,139,1. 1131340, 17,
35. · Thy nllreni 90, 8. ’
Terentisllsenenntis68„3 eademne Tiberis 20, 8. 81, 33. 85, 10.

7111180199, 14. ’ 51, 38 55, 12. 58, 8. 85, 2. -

71η11117738.233,19. '‹ 119,11.117,24.125,1.1
Terre ,11111529 117,·25. 189 12.18,2 11. 191, 31.
Terracina v. Turranius. . 213, 2Ι 223, 9. 233, 31. 241,
Tetrinius (lullus 83, 5. · ’.29 243, 23. ·’
Tentis M. Bruti soror 22, 21. Tiberinum vsdurn 87, 11. ·
Tertulla 1151111 22, 10. ‘Tiberius imperetur [claudius Nero
- Tertullu69, 14. - 103,35. 01111110912. 110,
Tertulla Vespasium suaniae 23138, 25. 253, 1255, 13.
17.- 227, 19. Pannonicus 91, 23] 58, 21. 82,
Tetrinius lure 133, 25, 28 10,11. 99, 5, 32. 70, 14, 19·.
Teutonli, 1. ’ ν 72, 22. 75, 25. 78, 8, 82, 17,

= 7511111188, 23. 25. 83, 21, 30, 32. 81,· 341

Thusus 282, 27. ι 358511. 88-118. 119,9, 9,
Thasius lupis 198, 21. 21. 120, 22. 121, 7, 15, 21.
1511111120, 1. 153, 38. 279, 37 128,,2 8,15,32.121,,3 12,
09111111 8115151, 30 Marcelli 19, 31, 39. 125, 23. 129, 3, Ι
slller 1ι1ιιιιιιι5121.58,33. 1.12,729. 128,1. 132, 29. ·
283, 1. -pPom eis. Pompeia· 133, 20 33 139, 37. 119, 13.
11115111. 105, 20. 1282.150,19,3.8 153, 9· 159, 25.
153,Ῑο 157, 38. 193, 81. 11111-180,37.172,15,19.183,18. ,
11111111 80, 8. 200, 27, 39 20131. 209,17.·
15111111115511155,8.ι 215, 27. 238, 37. 281, 35. 299,

, 1111011123 ,

 

