5555555 5555555555. . 346

Maelius 656, 8. 36.555555Μ55115558,5.164,
Magnesiae 690 6. 66 147, 64. 196, 18. campus
Mage 647,19. 66,16.65,18.84,66.
⁴ magus301, 17,66. magi 186, Mesgubns83, 155165 64.
66. 666, 6.0 115515156616.
Malusne, 66. Massilia 16. 6. 68, 67. 66, 61.
1151155155 105, 4 l 156, 61.
Mallotes 657, 15. Massilienses 171, ·.6
56 Melum punicum 641, 14. Meles· 65555 68, 66 616, 67.
Mamurra 29, 60. 16555 87, 11.
Mancinus 695, 6. mathematici 106 4. 166, 68. 616,
Manes dii 117, 65. melu. 186, 30. 661,16; 15. 656, 68.
66 616, 14. 0. 5155555665.
Mantua 696, 8· 17. Matianum 5551555 656, 14.
M. 61556155 Marcellus 16,14ε1155515555175,5·
64; 66. Mauritania 146, 67.
6. Marcellus 16, 66. Maurusius 686, 63.
(1.115555115565555155 5555115516, 1155551555 85, 1· 30. 165, 6.
65. 166, 64. 619, 66 635,10,
11. Marcellus 651551551. 65, 68. Maximus 651, 66 5. Fabius.
68, 1. 89, 17. 61, 6. Marcelli 11555555155155166,66.
5155555111, 64. 51, 66. 1155· medici 19, 16. 57, 68.
5511155555 theatrum 2'ae, 17. Mediolanium 46, 66. 671, 67.
1155551155 soreres 6555 66, 6. 606, 16.
Ancus Marciaue, 7 679, 66. 11561515155515 661, 66
11555111153555, 8 5555155555 166, 68.
Marcius Philip pus 41, 16. 51, 67. Meleeg er 164, 66.
(1. Munius Censorinus 668, 66 Με155551655168, 64.
1155155555. Icelus. 0. Melissus 665, 69. Mella· iu-
1155515115551115637, 6. 5565555(55115555555)665,68.
65 maritandis ordinibus lex54‚5 trabeculae 6666.
G. 1155155 6, 68. 116, 66. 6. Memmius ll, 4. 666, 61; 66.
Marii 5511114, 6. ia 55544555 pro 55 ’,’606 16
1155555655 nime adversae 0555555555 61, 66. 66,
1155568,,816.45,.,.6766716 65.
669, 67. 679, 11· 16; 61. 111· 6. Memmius 166, 67.
15546, 65. 51, 6· 7· 6. 166, 1155155667 66.
16.11551ι55565516964.156, Menander 664 67. 694, 27, 31.
68.164,14.65155555618,54651551516966665155014111
66.555[1,.·1555196766,9 694116.
villa 694, 15. 11555571, 61.
5155115515. Mendes 71119.
Marsicum bellum 47, 67. Menecrates 186, 61.
ascalonensium, 14; 67. Mercurius 677, 66.
Martius campus 18, 4. 65, 16. 11555166, 65.
158, 67. 175, 5. 186, 16. 616, 11555515 5. Valerius.

 

